name: summarizer
channels:
  - pytorch
  - conda-forge
  - anaconda
  - defaults
dependencies:
  - bzip2=1.0.6=h14c3975_5
  - freeglut=3.0.0=hf484d3e_5
  - graphite2=1.3.12=h23475e2_2
  - hdf5=1.10.2=hba1933b_1
  - icu=58.2=h211956c_0
  - libglu=9.0.0=hf484d3e_1
  - libuuid=1.0.3=h1bed415_2
  - libvpx=1.7.0=h439df22_0
  - libxcb=1.13=h1bed415_1
  - libxml2=2.9.8=h26e45fe_1
  - pcre=8.42=h439df22_0
  - pixman=0.34.0=ha72d70b_1
  - blas=1.1=openblas
  - ca-certificates=2018.10.15=ha4d7672_0
  - cairo=1.14.12=he56eebe_3
  - certifi=2018.10.15=py36_1000
  - dbus=1.13.0=h3a4f0e9_0
  - ffmpeg=4.0.2=ha6a6e2b_0
  - fontconfig=2.13.0=h0c61d53_4
  - freetype=2.8.1=hfa320df_1
  - gettext=0.19.8.1=h5e8e0c9_1
  - giflib=5.1.4=h470a237_1
  - glib=2.55.0=h464dc38_2
  - gmp=6.1.2=hfc679d8_0
  - gnutls=3.5.19=h2a4e5f8_1
  - gst-plugins-base=1.12.5=hde13a9d_0
  - gstreamer=1.12.5=h61a6719_0
  - harfbuzz=1.8.5=h2bb21d5_0
  - jasper=1.900.1=hff1ad4c_5
  - jpeg=9c=h470a237_1
  - libgcc=7.2.0=h69d50b8_2
  - libgfortran=3.0.0=1
  - libiconv=1.15=h470a237_3
  - libprotobuf=3.5.2=hd28b015_1
  - libwebp=0.5.2=7
  - matplotlib=2.2.2=py36_1
  - mkl_fft=1.0.6=py36_0
  - mkl_random=1.0.1=py36_0
  - nettle=3.3=0
  - numpy=1.15.2=py36_blas_openblashd3ea46f_1
  - openblas=0.2.20=8
  - opencv=3.4.3=py36_blas_openblash829a850_200
  - openh264=1.7.0=0
  - openssl=1.0.2p=h470a237_1
  - pillow=5.2.0=py36h2dc6135_1
  - qt=5.6.2=h50c60fd_8
  - x264=1!152.20180717=h470a237_1
  - xorg-kbproto=1.0.7=h470a237_2
  - xorg-libice=1.0.9=h470a237_4
  - xorg-libsm=1.2.2=h470a237_5
  - xorg-libx11=1.6.6=h470a237_0
  - xorg-libxext=1.3.3=h470a237_4
  - xorg-libxrender=0.9.10=h470a237_2
  - xorg-renderproto=0.11.1=h470a237_2
  - xorg-xextproto=7.3.0=h470a237_2
  - xorg-xproto=7.0.31=h470a237_7
  - cffi=1.11.5=py36he75722e_1
  - cycler=0.10.0=py36_0
  - expat=2.2.6=he6710b0_0
  - intel-openmp=2019.0=118
  - kiwisolver=1.0.1=py36hf484d3e_0
  - libedit=3.1.20170329=h6b74fdf_2
  - libffi=3.2.1=hd88cf55_4
  - libgcc-ng=8.2.0=hdf63c60_1
  - libgfortran-ng=7.3.0=hdf63c60_0
  - libopenblas=0.3.3=h5a2b251_3
  - libopencv=3.4.1=h1a3b859_1
  - libopus=1.2.1=hb9ed12e_0
  - libpng=1.6.34=hb9fc6fc_0
  - libstdcxx-ng=8.2.0=hdf63c60_1
  - libtiff=4.0.9=he85c1e1_2
  - mkl=2019.0=118
  - ncurses=6.1=hf484d3e_0
  - ninja=1.8.2=py36h6bb024c_1
  - numpy-base=1.15.2=py36h2f8d375_1
  - olefile=0.46=py36_0
  - pip=10.0.1=py36_0
  - py-opencv=3.4.1=py36h0676e08_1
  - pycparser=2.18=py36_1
  - pyparsing=2.2.2=py36_0
  - pyqt=5.6.0=py36_2
  - python=3.6.6=hc3d631a_0
  - python-dateutil=2.7.3=py36_0
  - pytz=2018.5=py36_0
  - readline=7.0=h7b6447c_5
  - setuptools=40.2.0=py36_0
  - sip=4.19.8=py36hf484d3e_0
  - six=1.11.0=py36_1
  - sqlite=3.25.2=h7b6447c_0
  - tk=8.6.8=hbc83047_0
  - tornado=5.1.1=py36h7b6447c_0
  - wheel=0.31.1=py36_0
  - xz=5.2.4=h14c3975_4
  - zlib=1.2.11=ha838bed_2
  - pytorch-cpu=0.4.1=py36_cpu_1
  - torchvision-cpu=0.2.1=py36_1
  - pip:
    - chardet==3.0.4
    - click==7.0
    - flask==1.0.2
    - idna==2.7
    - itsdangerous==0.24
    - jinja2==2.10
    - markupsafe==1.0
    - pymessenger==0.0.7.0
    - requests==2.19.1
    - requests-toolbelt==0.8.0
    - torch==0.4.1
    - torchvision==0.2.1
    - urllib3==1.23
    - werkzeug==0.14.1
prefix: /home/alex/anaconda3/envs/summarizer

